# Meeting Details - 1PM EST

```

Topic: CSS Part 3
Time: Jul 12, 2023 01:00 PM Eastern Time (US and Canada)

Join Zoom Meeting
```
https://us06web.zoom.us/j/87506004435?pwd=bDZyUVhyZ01nM3lYdW13NVpKR01LUT09
```
Meeting ID: 875 0600 4435
Passcode: 845149

---

One tap mobile
+13602095623,,87506004435#,,,,*845149# US
+13863475053,,87506004435#,,,,*845149# US

---

Dial by your location
• +1 360 209 5623 US
• +1 386 347 5053 US
• +1 507 473 4847 US
• +1 564 217 2000 US
• +1 646 931 3860 US
• +1 669 444 9171 US
• +1 669 900 6833 US (San Jose)
• +1 689 278 1000 US
• +1 719 359 4580 US
• +1 929 205 6099 US (New York)
• +1 253 205 0468 US
• +1 253 215 8782 US (Tacoma)
• +1 301 715 8592 US (Washington DC)
• +1 305 224 1968 US
• +1 309 205 3325 US
• +1 312 626 6799 US (Chicago)
• +1 346 248 7799 US (Houston)

Meeting ID: 875 0600 4435
Passcode: 845149

Find your local number: https://us06web.zoom.us/u/kckhVeu0ro

```

# Meeting Details - 7PM EST

```

Topic: CSS Part 3 - Repeat
Time: Jul 12, 2023 07:00 PM Eastern Time (US and Canada)

Join Zoom Meeting
```
https://us06web.zoom.us/j/89247692761?pwd=dDBkVUhxZG8zakU4UDFidDBTNTd3QT09
```
Meeting ID: 892 4769 2761
Passcode: 161946

---

One tap mobile
+19292056099,,89247692761#,,,,*161946# US (New York)
+12532050468,,89247692761#,,,,*161946# US

---

Dial by your location
• +1 929 205 6099 US (New York)
• +1 253 205 0468 US
• +1 253 215 8782 US (Tacoma)
• +1 301 715 8592 US (Washington DC)
• +1 305 224 1968 US
• +1 309 205 3325 US
• +1 312 626 6799 US (Chicago)
• +1 346 248 7799 US (Houston)
• +1 360 209 5623 US
• +1 386 347 5053 US
• +1 507 473 4847 US
• +1 564 217 2000 US
• +1 646 931 3860 US
• +1 669 444 9171 US
• +1 669 900 6833 US (San Jose)
• +1 689 278 1000 US
• +1 719 359 4580 US

Meeting ID: 892 4769 2761
Passcode: 161946

Find your local number: https://us06web.zoom.us/u/kTpm8dAt

```